.Random.seed <-
c(403L, 10L, 1112298383L, -34781034L, 927815744L, 589054211L, 
2042277153L, 817561104L, 998952430L, 6898073L, -1368355285L, 
-1468688614L, 1492151772L, -2138549281L, -579808331L, -1061868212L, 
1547062178L, 1498030845L, -1066288137L, 310945054L, 1032456152L, 
182950203L, 1098165977L, -1429929368L, 1909973910L, -2104015087L, 
1702502595L, 802226386L, -545659548L, 127375527L, 1192570365L, 
-2074849292L, 1402321114L, 1917598245L, -202533057L, -255519546L, 
1298532688L, 1871509875L, -269220975L, 1269175744L, -1192554594L, 
630731113L, 1927233947L, 1550546090L, -1121078580L, -1331151985L, 
537198533L, 928031612L, -1545102382L, -220652723L, 257190407L, 
1495775726L, 775148744L, 73137099L, 1685712425L, -1785715592L, 
711451046L, -1123220543L, 633581651L, -2040957182L, -1602797004L, 
-1566918729L, -1007736915L, 123163844L, -1017227030L, -1189281963L, 
613126383L, 769414902L, -565706208L, 75663331L, -27956095L, -1311921424L, 
627253646L, -622506247L, -1253868405L, 1718314170L, 1478918076L, 
-1890747137L, 1410420821L, -1229126804L, 1688665026L, 319630365L, 
1187024023L, -1771853314L, -1150309960L, 974595483L, 2135198713L, 
-1784081592L, -504201610L, -1376569423L, 1428998627L, -327557454L, 
24580868L, 187617351L, 309688093L, -1338995308L, -1316064966L, 
-1864544891L, 1727776351L, 1738191078L, -1643515024L, -626109293L, 
-1321512655L, -2143078432L, 72694910L, 665005833L, 513372475L, 
-140684022L, -154891028L, 1990916463L, 1399717541L, -1294086052L, 
-1060763598L, -76038355L, 1367789031L, 644010254L, 1366701800L, 
-1611573013L, 1442191753L, -1304106728L, -1327563706L, -1023425375L, 
796306227L, 1944146594L, -383342188L, -153143273L, 1063346189L, 
-1264999132L, 1622122762L, -548661131L, 86815695L, 1506542806L, 
-719580032L, -731256125L, -482249631L, 94450896L, -1571477970L, 
-630810663L, 1259681771L, 106475098L, 356067356L, -486623969L, 
583300469L, -293190644L, 1591641570L, 1346270909L, -175451849L, 
1666119134L, 1504324376L, 1458741883L, -271364071L, 1395361960L, 
295529046L, -2126784815L, 973100675L, 1428999442L, -313861980L, 
-1810605977L, -1002923587L, -500468940L, -1469294438L, -1939079451L, 
-1870423937L, 218092038L, 2084748688L, 1984995379L, -1368862767L, 
1569047936L, -403240866L, -390846551L, 1785503323L, -1426701718L, 
757460748L, 1043532111L, 1906848261L, 524492988L, 159418770L, 
17490573L, -1727409977L, -343284306L, -1990889464L, 1917297675L, 
1462264041L, 1460871096L, 1839806566L, 531245313L, -532193389L, 
-980930494L, -2021001228L, -1746689545L, -271227411L, -268523900L, 
1074534570L, -327162347L, -1649231185L, -1654656842L, 1768009440L, 
-945688029L, -1030873791L, -2030100432L, -978847154L, -740737351L, 
-1338996021L, 1974946682L, 1288469116L, -803762497L, 1026733973L, 
1016016812L, -836244094L, 868103005L, 831856215L, 819051838L, 
1052003704L, 324132443L, -2093811271L, 2113391624L, 1317852854L, 
-226171407L, 479247395L, -2024811406L, 930514628L, -1615191929L, 
1164797021L, -2126443948L, 1476321402L, -578722875L, -1002433249L, 
823014566L, -2030762448L, 155882946L, 372133088L, 246980476L, 
-1774295344L, 1734982306L, -1760807896L, 1579639052L, -1277355076L, 
-1841173198L, 701532096L, 1826522676L, 250958792L, -378409798L, 
771743632L, 1683669484L, -1132714924L, -1551689070L, -144553184L, 
1668475340L, -865172512L, 2064600770L, 1281582632L, 1169964716L, 
172617404L, 609587698L, -1497837264L, -296642396L, -149923144L, 
1147537242L, 441867664L, 51834236L, -781219564L, -193047230L, 
1031648000L, 1412318140L, -1021725872L, -540455646L, -1637566136L, 
-448025588L, -116136868L, 244270290L, -457034752L, -445335724L, 
1670035944L, 1527940090L, -1613258032L, -832508628L, 642942196L, 
630178706L, -482913184L, 446859532L, -1967373600L, 865668450L, 
561202856L, 2079759948L, 1357505404L, 342912818L, 294849136L, 
-462864060L, 1849128920L, -284453766L, -1706882512L, -1305463108L, 
2135619412L, 1133528642L, -452307040L, -1851153220L, -1907465776L, 
-1648004766L, 1091203048L, 478204876L, 586524412L, -1600142350L, 
-913003392L, 370313460L, 1577410696L, 86376762L, 1181248336L, 
1194016876L, -1397703532L, 348472658L, 214797024L, -1899426612L, 
-246221664L, 143717762L, 850470120L, -1334901524L, 1612019772L, 
813755506L, 2065833072L, 650932772L, -1539504584L, 213033498L, 
166055120L, -1189827012L, 696785044L, 1934673026L, -178158656L, 
-1381750468L, 322915984L, -223554526L, 241238024L, 964076684L, 
-1550033892L, 1627054226L, 2069879936L, -940946412L, -1399367896L, 
834814010L, 433969360L, -1167241108L, 628065972L, 435932178L, 
-666672160L, 575861708L, 291592672L, 1305782306L, 1664396584L, 
-1830473460L, 460149308L, 449980658L, -1178161936L, -79020220L, 
1958403160L, 1728704058L, 79214832L, 563807932L, 1293951508L, 
1080161474L, -229754272L, -2054884996L, 964209872L, -497094622L, 
-1734421336L, -1570852468L, 1962115516L, 2053458994L, -1771688128L, 
1200310964L, 1366658376L, 1661974202L, 2070067984L, 2010302700L, 
-1025004460L, -1228438766L, -1635914336L, 1784518604L, -516494496L, 
-1287377726L, -643685848L, 377822636L, 2090509116L, 975744882L, 
-1554637008L, -1646822364L, 1493946936L, -1154857254L, 1845486480L, 
-200568580L, 1506666900L, -1098040510L, -1765232128L, 348943420L, 
-1424414128L, -593701726L, -891508920L, -1766791668L, 2109380316L, 
1524883538L, 1504284800L, 1460548436L, -862170136L, 394220282L, 
-1389424816L, 1935413292L, -1473146508L, -460625262L, 1845219936L, 
-1134625652L, -1213649568L, 433488098L, -1650501464L, 1953907404L, 
-847559172L, -1987913806L, 1605906416L, -1556906556L, 578685272L, 
-1312313990L, 1730633136L, 829184444L, 453995092L, -800477758L, 
1308101408L, 437922748L, 1537356880L, -680568862L, 522296168L, 
-1876727988L, 519920380L, -209972494L, -856280832L, 1774933108L, 
989952520L, 1294737850L, -1983235632L, -596651028L, -1480255596L, 
163325138L, -1571254176L, 1475901772L, -1363599584L, -1676270974L, 
-1910509080L, 78644204L, 1969897020L, 26645106L, 1658410864L, 
1884930340L, 701529656L, 601435546L, 934057424L, 984936892L, 
477403796L, -1386301822L, -143492672L, -641851588L, -399077503L, 
446520627L, -1028664492L, -1856780958L, -642837001L, -1606418879L, 
-1492731194L, -177386492L, 741067701L, 138273951L, -380284680L, 
697198806L, 716538211L, 1471352101L, -1782670654L, -2049337424L, 
1027345369L, -1783159477L, -1818917956L, -1850602518L, -2037609441L, 
102075049L, -888504770L, 1814967084L, -643719811L, -1761889337L, 
1135272624L, -1539219250L, -1894286853L, 332601949L, -164448886L, 
-1635381848L, 856568593L, 1565049347L, -5417724L, -1263095502L, 
979640199L, -2118799919L, 290545494L, -1316963020L, -1518922683L, 
-1035076465L, 178117128L, 1797994022L, -1352552749L, -819060683L, 
1362112402L, 1666617184L, -119489847L, -152318469L, -1935353396L, 
-86585254L, -350925489L, 164660249L, -1136080338L, 372877372L, 
-1633264211L, 1772035671L, 800649120L, 311872766L, 153808843L, 
-1518859827L, 1313574138L, 537411384L, -276099871L, -633454701L, 
1725174708L, -491071294L, 1656610007L, 398072097L, -576179994L, 
1760138724L, 64114965L, -943363777L, -346082088L, 1206017270L, 
-1533712637L, 1230184517L, -1639727006L, -857503792L, -1709105927L, 
1456199211L, 1364730268L, -2101345846L, -384392513L, 1185518601L, 
12952862L, 1120004300L, -1458824035L, 444088615L, -1766462640L, 
-1134914066L, -1259122021L, 1773016317L, 1862237162L, 1959459976L, 
-770022863L, -887458653L, 2023012516L, 282429778L, 1028437159L, 
893186289L, -535721930L, -2094352172L, -651621275L, 874546799L, 
1701447848L, -1175513594L, -1526499533L, 398717845L, 1657128946L, 
1930478656L, -38765143L, -1352805349L, -1850322452L, 2120280570L, 
-21410257L, 206903865L, 359789646L, 831388828L, -290230771L, 
-1933798793L, 1691705984L, 527702238L, -418024533L, 1283161261L, 
-2104868582L, 1123415512L, -1198100927L, -359258893L, 1639756564L, 
373654178L, 647871415L, -335849599L, 1749687686L, 1664937924L, 
-1421708555L, -805132449L, -1626707528L, 1526010006L, -1578649949L, 
1473026149L, -1402065534L, -359428368L, 44638873L, -997439861L, 
